25.2956
26.044
28.4364
32.7358
39.7537
72.8792
1388.06
7378.99
78.7396
2855.57
12702.1
353.968
2959.46
1932.13
2115.3
3360.52
1257.69
882.23
174.348
1043.4
797.936
629.403
1279.41
2924.35
1421.05
670.293
230.098
15.9568
18.446
0.0388992
2.61127
2.0524
1.34057
1.27514
1.01879
0.859883
0.728173
0.639704
0.572644
0.511485
0.463189
0.421926
0.386166
0.355576
0.328906
0.305605
0.285095
0.266794
0.250676
0.235876
0.222885
0.210989
0.200281
0.190434
0.181575
0.173469
0.165821
0.158786
0.152358
0.146287
0.140938
0.135789
0.131006
0.126592
0.122402
0.118436
0.11485
0.111285
0.108169
0.105152
0.102279
0.0996611
0.0969503
0.094556
0.0922174
0.0901238
0.0880923
0.0860672
0.0842767
0.0823553
0.0806787
0.0792614
0.0777155
0.0762826
0.0748167
0.0736493
0.07241
0.0712674
0.0700508
0.0690426
0.0681133
0.0670445
0.0659533
0.0652318
0.0643864
0.0636218
0.0627253
0.0619327
0.0612734
0.0605872
0.0599859
0.0593769
0.0586839
0.0583596
0.0577614
0.0572347
0.0567471
0.0562193
0.0557636
0.055577
0.0550078
0.0548344
0.0543551
0.0541348
0.0539103
0.0536075
0.0532226
0.0530031
0.0531149
0.0527119
0.0527148
0.0525806
0.0524809
0.0523629
0.0521662
0.0519886
0.0520579
0.0518907
0.051874
0.051915
0.0518796
0.0518979
0.0520482
0.0518965
0.0521915
0.0522835
0.0525685
0.0527168
0.0527905
0.0530823
0.0530892
0.0533956
0.0537528
0.0539232
0.0542539
0.0546044
0.0547892
0.0551656
0.0552569
0.0560014
0.056376
0.0567436
0.0573582
0.0576701
0.0582005
0.0588803
0.0594055
0.0602186
0.0604816
0.0611088
0.0615724
0.0629033
0.0634089
0.0641995
0.0649587
0.0660766
0.0669236
0.0683332
0.0688774
0.0698165
0.0711583
0.0723433
0.0734713
0.0749829
0.0761208
0.0775874
0.07941
0.0807846
0.0826649
0.0840228
0.0860413
0.088413
0.0902009
0.0919717
0.0946483
0.0967978
0.0994925
0.102476
0.105126
0.108027
0.111807
0.114559
0.118542
0.122353
0.126922
0.131208
0.135405
0.140617
0.146548
0.152801
0.158541
0.165804
0.173305
0.181162
0.190369
0.200371
0.211
0.22329
0.235223
0.251364
0.266557
0.284012
0.306
0.328383
0.354749
0.385614
0.421796
0.464056
0.511247
0.572531
0.638791
0.730042
0.860007
1.01889
1.27517
1.34034
2.05213
2.61145
0.0388894
18.4497
15.9528
230.098
670.294
1421.06
2924.35
1279.35
629.391
797.96
1043.44
174.338
882.222
1257.68
3360.76
2115.31
1932.13
2959.52
353.953
12702.2
2855.53
78.7181
7378.78
1388.09
72.8691
39.7504
32.7389
28.4355
26.045
