0.0432272
0.0569553
0.0992762
0.173844
0.287342
0.450778
0.681607
1.00755
1.47398
2.15782
3.19664
4.85545
7.69475
13.0619
24.895
58.9624
236.515
64334.5
347.037
85.1401
38.7841
22.5428
14.9307
10.7261
8.14246
6.43215
5.236
4.36339
3.70482
3.19431
2.78922
2.46179
2.19271
1.96867
1.77971
1.61851
1.4801
1.35991
1.25486
1.16248
1.08057
1.00782
0.94255
0.883975
0.831008
0.783177
0.739549
0.699842
0.663481
0.629961
0.599081
0.570693
0.544427
0.520122
0.497274
0.476334
0.456643
0.438227
0.421073
0.404887
0.389778
0.375485
0.362079
0.349371
0.337465
0.326153
0.315353
0.305311
0.295717
0.286609
0.277907
0.269675
0.261811
0.25425
0.24721
0.240417
0.233974
0.227678
0.221695
0.216058
0.210607
0.205379
0.200361
0.195545
0.19093
0.186393
0.182243
0.17806
0.174174
0.170406
0.166813
0.163166
0.159969
0.156496
0.153249
0.150256
0.147439
0.144488
0.141653
0.139049
0.1367
0.13392
0.131519
0.129106
0.127045
0.124709
0.122594
0.120578
0.118677
0.116552
0.114732
0.112716
0.111259
0.109332
0.107591
0.105908
0.104368
0.10289
0.101404
0.0999507
0.098487
0.0971102
0.0957024
0.0944279
0.093258
0.0919277
0.0907778
0.0896122
0.08858
0.0872888
0.0862041
0.0850197
0.0841656
0.0830631
0.0819273
0.0811366
0.0802251
0.079244
0.078374
0.0775282
0.076757
0.0757904
0.074982
0.0742279
0.0735475
0.0726342
0.0719438
0.0712238
0.0705155
0.0697345
0.0691298
0.0684731
0.0678258
0.0671807
0.0666336
0.0659799
0.0652316
0.0645981
0.0642344
0.0636622
0.0631801
0.0625938
0.0621
0.0616135
0.0610987
0.0606192
0.0601592
0.0595734
0.0591784
0.0587446
0.0583118
0.057969
0.0574259
0.0570939
0.0566154
0.0562818
0.0559409
0.0554816
0.0551725
0.0548106
0.0544407
0.0540576
0.0537989
0.0532315
0.0528786
0.0528316
0.0524923
0.0522902
0.0519834
0.0517814
0.0513402
0.050871
0.050789
0.0505627
0.05031
0.0500404
0.0498781
0.0495599
0.0494288
0.0491289
0.0487284
0.0486957
0.0484565
0.0483902
0.0478131
0.0478297
0.0476476
0.0474693
0.0469879
0.0471145
0.0469753
0.0467806
0.0464088
0.0465998
0.0464128
0.0460911
0.0460912
0.0458172
0.0456959
0.0456109
0.0455246
0.0453084
0.0452073
0.0453707
0.0449984
0.0449473
0.044752
0.044474
0.044576
0.044418
0.044423
0.0442393
0.0441291
0.044061
0.0442438
0.0439587
0.0438885
0.0437656
0.0437637
0.0434993
0.0434214
0.0435985
0.0437356
0.0435298
0.0438079
0.0434571
0.0434661
0.043292
0.0432917
0.043359
0.0433415
0.0433046
0.0433025
0.0432425
0.0433759
0.0431538
0.0432274
0.0432132
0.0432162
0.0432731
0.0432983
0.0432864
0.0431075
0.0432279
0.0433567
0.0434323
0.043338
0.0434782
0.043469
0.0432849
0.0435606
0.0436291
0.0437682
0.0437327
0.0437305
0.0438283
0.0438779
0.0439625
0.0440194
0.044228
0.0441862
0.0441789
0.0444003
0.0444149
0.0451031
0.0447086
0.0448023
0.0448227
0.0450223
0.0449173
0.0452242
0.0453093
0.0454541
0.0456237
0.0457199
0.045921
0.0460045
0.0462232
0.0461663
0.0464442
0.046554
0.0467964
0.0468889
0.0471143
0.0472259
0.0474446
0.0476005
0.0478705
0.0480869
0.0483436
0.0485108
0.048735
0.0489521
0.0494427
0.0492999
0.0496157
0.049927
0.0500462
0.0502769
0.0505265
0.050805
0.0511225
0.0514045
0.0516412
0.0518954
0.0521672
0.052545
0.0528692
0.0530024
0.0534666
0.0537471
0.0541758
0.0544487
0.0549562
0.0558526
0.0550869
0.055807
0.0563698
0.0567228
0.0571047
0.0575288
0.0579191
0.0583472
0.0587223
0.059196
0.0595171
0.0601159
0.0606461
0.0610512
0.0619323
0.0621093
0.0627019
0.0631995
0.063698
0.0642421
0.0647969
0.0654151
0.0659218
0.0664757
0.0672552
0.0678985
0.0681687
0.0689067
0.0690981
0.0705983
0.0712628
0.0718682
0.0724509
0.0736139
0.074274
0.0748745
0.0758083
0.0760068
0.0775116
0.0782415
0.0791432
0.0802469
0.0810221
0.0821847
0.0830893
0.0840256
0.0848549
0.0861763
0.0871817
0.0881187
0.0902071
0.0910023
0.0921536
0.0932992
0.0938981
0.0957529
0.0973686
0.0985849
0.09999
0.101169
0.102997
0.105346
0.106367
0.107574
0.109459
0.110707
0.112425
0.114483
0.116636
0.118609
0.12021
0.122549
0.125005
0.126988
0.128912
0.131538
0.134671
0.136557
0.138645
0.141735
0.144689
0.147251
0.150043
0.153714
0.156748
0.159624
0.163256
0.166909
0.170489
0.174059
0.178125
0.182418
0.186391
0.19075
0.19568
0.200159
0.205278
0.210684
0.215732
0.221992
0.227795
0.23368
0.240387
0.247101
0.254622
0.261651
0.269728
0.277958
0.285984
0.295837
0.305159
0.315945
0.326258
0.338277
0.34963
0.362014
0.375316
0.389831
0.404906
0.420848
0.437703
0.457159
0.476363
0.497546
0.520107
0.544506
0.570859
0.599114
0.63055
0.663358
0.699262
0.739655
0.783387
0.831597
0.882719
0.942727
1.0068
1.08121
1.16232
1.25299
1.35466
1.48168
1.61987
1.78693
1.96855
2.19277
2.45968
2.79025
3.19328
3.70419
4.36624
5.24033
6.43645
8.1446
10.7324
14.9443
22.5623
38.7795
85.141
347.055
64334.3
236.575
58.9751
24.9099
13.0721
7.70017
4.86306
3.19996
2.16126
1.47525
1.00944
0.681256
0.450829
0.28749
0.173739
0.0995996
0.0570376
