1.15334
1.16878
1.21631
1.29978
1.42629
1.60741
1.86152
2.21765
2.72312
3.45785
4.56404
6.31464
9.28421
14.848
27.0089
61.7245
241.147
64397.2
343.374
83.7625
38.1325
22.248
14.8479
10.7839
8.30022
6.6647
5.52711
4.7013
4.08128
3.60319
3.22558
2.92246
2.67451
2.46927
2.29733
2.15167
2.02746
1.92051
1.82793
1.74698
1.67629
1.614
1.55886
1.51003
1.46654
1.42803
1.39323
1.36248
1.3347
1.31018
1.28817
1.26829
1.25096
1.23568
1.22103
1.20873
1.19796
1.18871
1.18062
1.17346
1.16787
1.163
1.15919
1.15667
1.15435
1.15358
1.15327
1.15412
1.15537
1.15758
1.16044
1.164
1.16826
1.17337
1.17895
1.18572
1.19264
1.2005
1.2089
1.21804
1.22835
1.23849
1.24975
1.26141
1.27469
1.28808
1.30251
1.31744
1.33342
1.34976
1.36845
1.38654
1.40593
1.42655
1.44813
1.47064
1.49376
1.51926
1.54416
1.57193
1.60077
1.63053
1.66238
1.69532
1.72924
1.76634
1.80357
1.84433
1.88591
1.92984
1.9773
2.0253
2.07815
2.13225
2.18952
2.25037
2.31395
2.38057
2.4528
2.5281
2.6101
2.69284
2.78252
2.87872
2.98073
3.09
3.20551
3.32948
3.46233
3.60448
3.75714
3.92086
4.09812
4.2891
4.4948
4.71954
4.96275
5.22763
5.51668
5.83324
6.18003
6.56408
6.98561
7.45389
7.97361
8.55743
9.21194
9.94909
10.7833
11.7369
12.8286
14.0883
15.5541
17.2732
19.3067
21.7384
24.6701
28.2888
32.7598
38.4334
45.7596
55.4629
68.6869
87.3785
115.063
158.569
232.864
375.662
707.453
1804.11
11232.5
44767.4
2788.01
907.277
443.093
261.348
172.003
121.614
90.4445
69.8483
55.5398
45.1952
37.4882
31.5856
26.9757
23.2935
20.3172
17.8791
15.8523
14.1519
12.7089
11.4785
10.4186
9.49868
8.69765
7.99751
7.3774
6.82914
6.34001
5.90542
5.51061
5.16265
4.84116
4.55311
4.28913
4.0495
3.83188
3.63181
3.4461
3.28125
3.12674
2.98328
2.84915
2.72809
2.61528
2.50859
2.41299
2.32024
2.23493
2.15574
2.08206
2.0128
1.94867
1.89065
1.83174
1.77943
1.72929
1.68129
1.63997
1.59854
1.56159
1.52444
1.49072
1.45939
1.43253
1.4032
1.37756
1.35325
1.33136
1.30945
1.29222
1.27386
1.25934
1.24274
1.23049
1.21666
1.20559
1.19832
1.18652
1.17917
1.1722
1.16579
1.16115
1.15791
1.15579
1.15334
1.15334
1.15244
1.15533
1.15714
1.16144
1.16584
1.17062
1.17826
1.18734
1.19557
1.20472
1.21689
1.22932
1.24126
1.25695
1.27434
1.29281
1.3113
1.33165
1.35428
1.37758
1.40297
1.43133
1.45985
1.49122
1.52476
1.5612
1.59775
1.64201
1.68357
1.72929
1.77942
1.83195
1.88673
1.94941
2.01101
2.08253
2.15593
2.23567
2.32064
2.4113
2.50963
2.6145
2.72732
2.85134
2.98306
3.12512
3.28155
3.44871
3.63276
3.83193
4.05002
4.2904
4.55227
4.84117
5.15957
5.51129
5.90725
6.33864
6.82852
7.37886
7.99767
8.69966
9.50227
10.4195
11.4794
12.7104
14.1498
15.8352
17.8767
20.3171
23.2926
26.9626
31.5877
37.4818
45.1973
55.5344
69.8517
90.4561
121.594
171.969
261.337
443.044
907.193
2788.12
44766.8
11232.9
1803.94
707.38
375.654
232.867
158.568
115.052
87.3948
68.677
55.4443
45.7544
38.4265
32.7619
28.28
24.6804
21.7414
19.3013
17.275
15.5512
14.0866
12.8277
11.7257
10.7822
9.95026
9.20967
8.55652
7.97255
7.45304
6.98516
6.56436
6.17975
5.83292
5.51931
5.22888
4.96031
4.71587
4.48827
4.29035
4.10113
3.91945
3.75213
3.60346
3.46567
3.33071
3.20553
3.08739
2.98151
2.87718
2.78173
2.69471
2.60786
2.52812
2.45093
2.38248
2.31646
2.25085
2.18981
2.13064
2.0788
2.02663
1.98293
1.93041
1.886
1.8464
1.80334
1.76543
1.72952
1.69843
1.66303
1.62881
1.60013
1.57308
1.54573
1.51818
1.4939
1.47063
1.4478
1.42621
1.40766
1.38788
1.3725
1.34969
1.33326
1.31884
1.30163
1.28642
1.27499
1.26141
1.25051
1.23855
1.22749
1.21685
1.20607
1.20197
1.19165
1.18577
1.17843
1.17369
1.16662
1.163
1.16011
1.1573
1.15492
1.1534
1.15379
1.15376
1.15588
1.15696
1.15888
1.16435
1.16782
1.17382
1.18008
1.18676
1.1976
1.20861
1.21931
1.23364
1.25225
1.26893
1.28707
1.31097
1.33537
1.36189
1.39509
1.42754
1.47143
1.50867
1.55738
1.61057
1.67655
1.74933
1.82694
1.91401
2.0278
2.15437
2.31078
2.46915
2.67352
2.91652
3.22679
3.60313
4.08247
4.70672
5.53336
6.66846
8.30212
10.7868
14.8615
22.2802
38.1269
83.7541
343.343
64396.9
241.202
61.7344
27.0254
14.8587
9.28834
6.32136
4.56762
3.46202
2.7248
2.21933
1.86043
1.60666
1.4244
1.30016
1.21671
1.16696
